1111111111110010000000000010000000001001
0000000000001010000000010010000000000001
1111111111111001000111110010001000000001
0000000000010000000000001111001000000001
1111111111110001000010010011001001000001
1111111111101001000010000010000000100111
0000000000000000000000001110001000000001
0000000000000000000000000000000000000001
0000000000110001000111110010000000000001
0000000000100001000010000010001000000001
0000000000000010000000111010000000000001
1111111111100001000110000010001000000001
0000000000000010000000101010000000000001
0000000000101000000000001110101000000001
0000000000111000000000001111001000000001
0000000000101000000000001100000000000001
0000000000000000000000000000000000000001
1111111111110000000000010010000100000001
0000000000000000000000001010000100000001
1111111111100001000010000010001001000001
0000000001000000000000001110001000000001
0000000000111000000000001100000000000001
0000000001000111111111110010000000000001
1111111111100001000010000010001000000001
0000000001001000000000001110001000000001
0000000001001010000001000010000000000001
0000000000011000000000001110001000000001
0000000000000000000000000000000000000001
0000000001011000000000001110100000000001
0000000000000000000000000000000000000001
0000000001100000000000001110100000000001
0000000000011010000001010010000000000001
0000000001101000000000001110001000000001
0000000000000010000101000010000000000001
0000000011101000000000001110001000000001
0000000001110010000001100010000000000001
0000000011101010000001110010001000000001
0000000001111000000000001110001000000001
0000000010000010000010000010000000000001
0000000011101010000010010010001000000001
0000000010001000000000001110001000000001
0000000010010010000010100010000000000001
0000000011101010000010110010001000000001
0000000010011000000000001110001000000001
0000000010100010000011000010000000000001
0000000011101010000011010010001000000001
0000000010101000000000001110001000000001
0000000010110010000011100010000000000001
0000000011101010000011110010001000000001
0000000010111000000000001110001000000001
0000000011000010000100000010000000000001
0000000011101010000100010010001000000001
0000000011001000000000001110001000000001
0000000001111001000010000010000000000001
0000000010001001000010000010001000000001
0000000010011001000010000010001000000001
0000000010101001000010000010001000000001
0000000010111001000010000010001000000001
0000000011001001000010000010001000000001
0000000011100010000100100010001000000001
0000000011101010000100110010001000000001
0000000001001000000000001110001000000001
0000000001001010000101010010000000000001
0000000011110000000000001110001000000001
1111111111110010000101100010000000000001
0000000100011000000000001110001000000001
0000000011110001000010000010000000000001
0000000100000000000000001110001000000001
0000000000000001000010000010000000000001
0000000100001000000000001110001000000001
1111111111101001000010000010000000000001
0000000101110000000000001110001000000001
0000000100010001000010000010000000000001
0000000100011001000010000010001001001001
1111111111110001000010000010000000100110
0000000101110000000000001110001000000001
0000000100110001000010000010000000000001
1111111111110001000100110010001001001001
0000000100010001000010000010000000000001
0000000101010001000010000010000000100101
0000000101011000000000001110001000000001
0000000101000001000010000010000000000001
1111111111110001000100110010001001001001
0000000100010001000010000010000000000001
0000000101100001000010000010000000100101
0000000101101000000000001110001000000001
0000000101111001000010000010000000000001
0000000000000000000000000000000000000001
0000000110001000000000001111000000000001
0000000110001001000010000010000000000001
1111111111110001000100110010001001001001
0000000101110001000010000010000000000001
1111111111101001000010000010000000100101
0000000101110000000000001110001000000001
0000000100010001000010000010000000000001
0000000100011000000000001110001000100101
0000000100100001000010000010000000000001
0000000100110001000010000010001001000001
0000000110000000000000001110001000000001
0000000100110001000010000010000000000001
0000000110000001000101000010001000000001
0000000100111000000000001110001000000001
0000000101011000000000001100000000000001
0000000000000111111111111010000000000001
0000000100111000000000001100000000000001
0000000100000111111111110010000010000001
0000000011111000000000001110001000000001
1111111111110001000010000010000000000001
1111111111110111111111110010001001000001
0000000101001000000000001110001000000001
0000000101101000000000001100000000000001
0000000000000111111111111010000000000001
0000000101001000000000001100000000000001
0000000100000111111111110010000010000001
0000000011111001000010000010001000000001
0000000011111000000000001110001000000001
0000000100100001000010000010000000000001
0000000101110001000010000010001001000001
0000000000000000000000000000000000000001
0000000100101000000000001111000000000001
0000000000000000000000000000000000000001
0000000011111010000101110010000000000001
0000000110010000000000001110001000000001
1111111111110010000110000010000000000001
0000000111100000000000001110001000000001
0000000000011001000010000010000000000001
0000000110101000000000001110001000000001
0000000001101001000010000010000000000001
0000000111000000000000001110001000000001
0000000011111001000010000010000000000001
0000000110110000000000001110001000000001
0000000110010001000010000010000000000001
0000000111001000000000001110001000000001
0000000001011001000010000010000000000001
0000000110111000000000001110001000000001
0000000001100001000010000010000000000001
0000000111010000000000001110001000000001
1111111111101001000010000010000000000001
0000001000111000000000001110001000000001
0000000111011001000010000010000000000001
0000000111100001000010000010001001001001
1111111111110001000010000010000000100110
0000001000111000000000001110001000000001
0000000111111001000010000010000000000001
1111111111110001000100110010001001001001
0000000111011001000010000010000000000001
0000001000011001000010000010000000100101
0000001000100000000000001110001000000001
0000001000001001000010000010000000000001
1111111111110001000100110010001001001001
0000000111011001000010000010000000000001
0000001000101001000010000010000000100101
0000001000110000000000001110001000000001
0000001001000001000010000010000000000001
0000000000000000000000000000000000000001
0000001001010000000000001111000000000001
0000001001010001000010000010000000000001
1111111111110001000100110010001001001001
0000001000111001000010000010000000000001
1111111111101001000010000010000000100101
0000001000111000000000001110001000000001
0000000111011001000010000010000000000001
0000000111100000000000001110001000100101
0000000111101001000010000010000000000001
0000000111111001000010000010001001000001
0000001001001000000000001110001000000001
0000000111111001000010000010000000000001
0000001001001001000101000010001000000001
0000001000000000000000001110001000000001
0000001000100000000000001100000000000001
0000000000000111111111111010000000000001
0000001000000000000000001100000000000001
0000000110101111111111110010000010000001
0000000110011000000000001110001000000001
0000000111000111111111110100000010000001
0000000110100000000000001110010000000001
1111111111110001000010000010000000000001
1111111111110111111111110010001001000001
0000001000010000000000001110001000000001
0000001000110000000000001100000000000001
0000000000000111111111111010000000000001
0000001000010000000000001100000000000001
0000000110101111111111110010000010000001
0000000110011001000010000010001000000001
0000000110011000000000001110001000000001
0000000111000111111111110100000010000001
0000000110100001000010000100010000000001
0000000110100000000000001110010000000001
0000000111101001000010000010000000000001
0000001000111001000010000010001001000001
0000000000000000000000000000000000000001
0000000111110000000000001111000000000001
0000000000000000000000000000000000000001
0000000110100010000110010010000000000001
0000001001011000000000001110001000000001
0000000110100010000110100010000000000001
0000001001100000000000001110001000000001
0000000110011010000110110010000000000001
0000001001101000000000001110001000000001
0000000110011010000111000010000000000001
0000001001110000000000001110001000000001
0000001001101010000111010010000000000001
0000001001100010000111010010001000000001
0000000000000000000000000000000000000001
0000001001111000000000001110001000000001
0000001001110010000111100010000000000001
0000001001011010000111100010001000000001
0000000000000000000000000000000000000001
0000001010000000000000001110001000000001
0000000000000010000111111010000000000001
0000001010000001000010000010000000000001
0000000000000000000000000000000000000001
0000001010100000000000001110001010000001
0000000000000010001000001010000000000001
1111111111110010000111110010000000000001
1111111111100010000111110010001001000001
0000001010001000000000001110001000000001
0000000000000000000000000000000000000001
0000001010010000000000001111001000000001
0000001010001000000000001100000000000001
0000000000000111111111111010000000000001
0000000000000000000000000000000000000001
0000001010010000000000001100000000000001
0000001010101111111111110010000010000001
0000001010100001000010000010001010000001
0000001010100111111111110010001011000001
0000001010011000000000001110001000000001
0000000000000010001000011010000000000001
0000001001111001000010000010000000000001
0000000000000000000000000000000000000001
0000011100011000000000001110001010000001
0000000000000010001000101010000000000001
1111111111110010001000010010000000000001
1111111111100010001000010010001001000001
0000001010001000000000001110001000000001
0000000000000000000000000000000000000001
0000001010010000000000001111001000000001
0000001010001000000000001100000000000001
0000000000000111111111111010000000000001
0000000000000000000000000000000000000001
0000001010010000000000001100000000000001
0000011100100111111111110010000010000001
0000011100011001000010000010001010000001
0000011100011111111111110010001011000001
0000011100010000000000001110001000000001
0000001010011010001000110010000000000001
0000101110011000000000001110001000000001
0000000000000000000000000000000000000001
0000011100010010001001000010000000000001
0000110110010000000000001110001000000001
0000000000000000000000000000000000000001
0000101111000010001010000010000000000001
0000101110111010001010010010001000000001
0000101110101010001010000011010000000001
0000101110100010001010010010001000000001
0000101110011010001001010010001000000001
0000101110010010001001100010001000000001
0000101110001010001001110010001000000001
0000000000000000000000000000000000000001
0000101110110000000000001110001000000001
0000101111001000000000001111001000000001
0000101111110010001011010010000000000001
0000101111101010001011100010001000000001
0000101111011010001011010011010000000001
0000101111010010001011100010001000000001
0000101110110010001010100010001000000001
0000101110101010001010110010001000000001
0000101110100010001011000010001000000001
0000000000000000000000000000000000000001
0000101111100000000000001110001000000001
0000101111111000000000001111001000000001
0000110000100010001100100010000000000001
0000110000011010001100110010001000000001
0000110000001010001100100011010000000001
0000110000000010001100110010001000000001
0000101111100010001011110010001000000001
0000101111011010001100000010001000000001
0000101111010010001100010010001000000001
0000000000000000000000000000000000000001
0000110000010000000000001110001000000001
0000110000101000000000001111001000000001
0000110001010010001101110010000000000001
0000110001001010001110000010001000000001
0000110000111010001101110011010000000001
0000110000110010001110000010001000000001
0000110000010010001101000010001000000001
0000110000001010001101010010001000000001
0000110000000010001101100010001000000001
0000000000000000000000000000000000000001
0000110001000000000000001110001000000001
0000110001011000000000001111001000000001
0000110010000010001111000010000000000001
0000110001111010001111010010001000000001
0000110001101010001111000011010000000001
0000110001100010001111010010001000000001
0000110001000010001110010010001000000001
0000110000111010001110100010001000000001
0000110000110010001110110010001000000001
0000000000000000000000000000000000000001
0000110001110000000000001110001000000001
0000110010001000000000001111001000000001
0000110010110010010000010010000000000001
0000110010101010010000100010001000000001
0000110010011010010000010011010000000001
0000110010010010010000100010001000000001
0000110001110010001111100010001000000001
0000110001101010001111110010001000000001
0000110001100010010000000010001000000001
0000000000000000000000000000000000000001
0000110010100000000000001110001000000001
0000110010111000000000001111001000000001
0000110011100010010001100010000000000001
0000110011011010010001110010001000000001
0000110011001010010001100011010000000001
0000110011000010010001110010001000000001
0000110010100010010000110010001000000001
0000110010011010010001000010001000000001
0000110010010010010001010010001000000001
0000000000000000000000000000000000000001
0000110011010000000000001110001000000001
0000110011101000000000001111001000000001
0000110100010010010010110010000000000001
0000110100001010010011000010001000000001
0000110011111010010010110011010000000001
0000110011110010010011000010001000000001
0000110011010010010010000010001000000001
0000110011001010010010010010001000000001
0000110011000010010010100010001000000001
0000000000000000000000000000000000000001
0000110100000000000000001110001000000001
0000110100011000000000001111001000000001
0000110101000010010100000010000000000001
0000110100111010010100010010001000000001
0000110100101010010100000011010000000001
0000110100100010010100010010001000000001
0000110100000010010011010010001000000001
0000110011111010010011100010001000000001
0000110011110010010011110010001000000001
0000000000000000000000000000000000000001
0000110100110000000000001110001000000001
0000110101001000000000001111001000000001
0000110101110010010101010010000000000001
0000110101101010010101100010001000000001
0000110101011010010101010011010000000001
0000110101010010010101100010001000000001
0000110100110010010100100010001000000001
0000110100101010010100110010001000000001
0000110100100010010101000010001000000001
0000000000000000000000000000000000000001
0000110101100000000000001110001000000001
0000110101111000000000001111001000000001
0000110110111010010110100010000000000001
0000110110110010010110110010001000000001
0000110110100010010110100011010000000001
0000110110011010010110110010001000000001
0000110110010010010101110010001000000001
0000110110001010010110000010001000000001
0000110110000010010110010010001000000001
0000000000000000000000000000000000000001
0000110110101000000000001110001000000001
0000110111000000000000001111001000000001
0000110111101010010111110010000000000001
0000110111100010011000000010001000000001
0000110111010010010111110011010000000001
0000110111001010011000000010001000000001
0000110110101010010111000010001000000001
0000110110100010010111010010001000000001
0000110110011010010111100010001000000001
0000000000000000000000000000000000000001
0000110111011000000000001110001000000001
0000110111110000000000001111001000000001
0000111000011010011001000010000000000001
0000111000010010011001010010001000000001
0000111000000010011001000011010000000001
0000110111111010011001010010001000000001
0000110111011010011000010010001000000001
0000110111010010011000100010001000000001
0000110111001010011000110010001000000001
0000000000000000000000000000000000000001
0000111000001000000000001110001000000001
0000111000100000000000001111001000000001
0000111001001010011010010010000000000001
0000111001000010011010100010001000000001
0000111000110010011010010011010000000001
0000111000101010011010100010001000000001
0000111000001010011001100010001000000001
0000111000000010011001110010001000000001
0000110111111010011010000010001000000001
0000000000000000000000000000000000000001
0000111000111000000000001110001000000001
0000111001010000000000001111001000000001
0000111001111010011011100010000000000001
0000111001110010011011110010001000000001
0000111001100010011011100011010000000001
0000111001011010011011110010001000000001
0000111000111010011010110010001000000001
0000111000110010011011000010001000000001
0000111000101010011011010010001000000001
0000000000000000000000000000000000000001
0000111001101000000000001110001000000001
0000111010000000000000001111001000000001
0000111010101010011100110010000000000001
0000111010100010011101000010001000000001
0000111010010010011100110011010000000001
0000111010001010011101000010001000000001
0000111001101010011100000010001000000001
0000111001100010011100010010001000000001
0000111001011010011100100010001000000001
0000000000000000000000000000000000000001
0000111010011000000000001110001000000001
0000111010110000000000001111001000000001
0000111011011010011110000010000000000001
0000111011010010011110010010001000000001
0000111011000010011110000011010000000001
0000111010111010011110010010001000000001
0000111010011010011101010010001000000001
0000111010010010011101100010001000000001
0000111010001010011101110010001000000001
0000000000000000000000000000000000000001
0000111011001000000000001110001000000001
0000111011100000000000001111001000000001
0000111100001010011111010010000000000001
0000111100000010011111100010001000000001
0000111011110010011111010011010000000001
0000111011101010011111100010001000000001
0000111011001010011110100010001000000001
0000111011000010011110110010001000000001
0000111010111010011111000010001000000001
0000000000000000000000000000000000000001
0000111011111000000000001110001000000001
0000111100010000000000001111001000000001
0000111100111010100000100010000000000001
0000111100110010100000110010001000000001
0000111100100010100000100011010000000001
0000111100011010100000110010001000000001
0000111011111010011111110010001000000001
0000111011110010100000000010001000000001
0000111011101010100000010010001000000001
0000000000000000000000000000000000000001
0000111100101000000000001110001000000001
0000111101000000000000001111001000000001
0000111101101010100001110010000000000001
0000111101100010100010000010001000000001
0000111101010010100001110011010000000001
0000111101001010100010000010001000000001
0000111100101010100001000010001000000001
0000111100100010100001010010001000000001
0000111100011010100001100010001000000001
0000000000000000000000000000000000000001
0000111101011000000000001110001000000001
0000111101110000000000001111001000000001
0000110101100001000010000010000000000001
0001011101110000000000001110001000000001
0000111101111011100010000010000000000001
0000111110000011100001110010001000000001
0000111110001011100001100010001000000001
0000111110010011100001010010001000000001
0000111110011011100001000010001000000001
0000111110100011100000110010001000000001
0000111110101011100000100010001000000001
0000111110110011100000010010001000000001
0000111110111011100000000010001000000001
0000111111000011011111110010001000000001
0000111111001011011111100010001000000001
0000111111010011011111010010001000000001
0000111111011011011111000010001000000001
0000111111100011011110110010001000000001
0000111111101011011110100010001000000001
0000111111110011011110010010001000000001
0000111111111011011110000010001000000001
0001000000000011011101110010001000000001
0001000000001011011101100010001000000001
0001000000010011011101010010001000000001
0001000000011011011101000010001000000001
0001000000100011011100110010001000000001
0001000000101011011100100010001000000001
0001000000110011011100010010001000000001
0001000000111011011100000010001000000001
0001000001000011011011110010001000000001
0001000001001011011011100010001000000001
0001000001010011011011010010001000000001
0001000001011011011011000010001000000001
0001000001100011011010110010001000000001
0001000001101011011010100010001000000001
0001000001110011011010010010001000000001
0001000001111011011010000010001000000001
0001000010000011011001110010001000000001
0001000010001011011001100010001000000001
0001000010010011011001010010001000000001
0001000010011011011001000010001000000001
0001000010100011011000110010001000000001
0001000010101011011000100010001000000001
0001000010110011011000010010001000000001
0001000010111011011000000010001000000001
0001000011000011010111110010001000000001
0001000011001011010111100010001000000001
0001000011010011010111010010001000000001
0001000011011011010111000010001000000001
0001000011100011010110110010001000000001
0001000011101011010110100010001000000001
0001000011110011010110010010001000000001
0001000011111011010110000010001000000001
0001000100000011010101110010001000000001
0001000100001011010101100010001000000001
0001000100010011010101010010001000000001
0001000100011011010101000010001000000001
0001000100100011010100110010001000000001
0001000100101011010100100010001000000001
0001000100110011010100010010001000000001
0001000100111011010100000010001000000001
0001000101000011010011110010001000000001
0001000101001011010011100010001000000001
0001000101010011010011010010001000000001
0001000101011011010011000010001000000001
0001000101100011010010110010001000000001
0001000101101011010010100010001000000001
0001000101110011010010010010001000000001
0001000101111011010010000010001000000001
0001000110000011010001110010001000000001
0001000110001011010001100010001000000001
0001000110010011010001010010001000000001
0001000110011011010001000010001000000001
0001000110100011010000110010001000000001
0001000110101011010000100010001000000001
0001000110110011010000010010001000000001
0001000110111011010000000010001000000001
0001000111000011001111110010001000000001
0001000111001011001111100010001000000001
0001000111010011001111010010001000000001
0001000111011011001111000010001000000001
0001000111100011001110110010001000000001
0001000111101011001110100010001000000001
0001000111110011001110010010001000000001
0001000111111011001110000010001000000001
0001001000000011001101110010001000000001
0001001000001011001101100010001000000001
0001001000010011001101010010001000000001
0001001000011011001101000010001000000001
0001001000100011001100110010001000000001
0001001000101011001100100010001000000001
0001001000110011001100010010001000000001
0001001000111011001100000010001000000001
0001001001000011001011110010001000000001
0001001001001011001011100010001000000001
0001001001010011001011010010001000000001
0001001001011011001011000010001000000001
0001001001100011001010110010001000000001
0001001001101011001010100010001000000001
0001001001110011001010010010001000000001
0001001001111011001010000010001000000001
0001001010000011001001110010001000000001
0001001010001011001001100010001000000001
0001001010010011001001010010001000000001
0001001010011011001001000010001000000001
0001001010100011001000110010001000000001
0001001010101011001000100010001000000001
0001001010110011001000010010001000000001
0001001010111011001000000010001000000001
0001001011000011000111110010001000000001
0001001011001011000111100010001000000001
0001001011010011000111010010001000000001
0001001011011011000111000010001000000001
0001001011100011000110110010001000000001
0001001011101011000110100010001000000001
0001001011110011000110010010001000000001
0001001011111011000110000010001000000001
0001001100000011000101110010001000000001
0001001100001011000101100010001000000001
0001001100010011000101010010001000000001
0001001100011011000101000010001000000001
0001001100100011000100110010001000000001
0001001100101011000100100010001000000001
0001001100110011000100010010001000000001
0001001100111011000100000010001000000001
0001001101000011000011110010001000000001
0001001101001011000011100010001000000001
0001001101010011000011010010001000000001
0001001101011011000011000010001000000001
0001001101100011000010110010001000000001
0001001101101011000010100010001000000001
0001001101110011000010010010001000000001
0001001101111011000010000010001000000001
0001001110000011000001110010001000000001
0001001110001011000001100010001000000001
0001001110010011000001010010001000000001
0001001110011011000001000010001000000001
0001001110100011000000110010001000000001
0001001110101011000000100010001000000001
0001001110110011000000010010001000000001
0001001110111011000000000010001000000001
0001001111000010111111110010001000000001
0001001111001010111111100010001000000001
0001001111010010111111010010001000000001
0001001111011010111111000010001000000001
0001001111100010111110110010001000000001
0001001111101010111110100010001000000001
0001001111110010111110010010001000000001
0001001111111010111110000010001000000001
0001010000000010111101110010001000000001
0001010000001010111101100010001000000001
0001010000010010111101010010001000000001
0001010000011010111101000010001000000001
0001010000100010111100110010001000000001
0001010000101010111100100010001000000001
0001010000110010111100010010001000000001
0001010000111010111100000010001000000001
0001010001000010111011110010001000000001
0001010001001010111011100010001000000001
0001010001010010111011010010001000000001
0001010001011010111011000010001000000001
0001010001100010111010110010001000000001
0001010001101010111010100010001000000001
0001010001110010111010010010001000000001
0001010001111010111010000010001000000001
0001010010000010111001110010001000000001
0001010010001010111001100010001000000001
0001010010010010111001010010001000000001
0001010010011010111001000010001000000001
0001010010100010111000110010001000000001
0001010010101010111000100010001000000001
0001010010110010111000010010001000000001
0001010010111010111000000010001000000001
0001010011000010110111110010001000000001
0001010011001010110111100010001000000001
0001010011010010110111010010001000000001
0001010011011010110111000010001000000001
0001010011100010110110110010001000000001
0001010011101010110110100010001000000001
0001010011110010110110010010001000000001
0001010011111010110110000010001000000001
0001010100000010110101110010001000000001
0001010100001010110101100010001000000001
0001010100010010110101010010001000000001
0001010100011010110101000010001000000001
0001010100100010110100110010001000000001
0001010100101010110100100010001000000001
0001010100110010110100010010001000000001
0001010100111010110100000010001000000001
0001010101000010110011110010001000000001
0001010101001010110011100010001000000001
0001010101010010110011010010001000000001
0001010101011010110011000010001000000001
0001010101100010110010110010001000000001
0001010101101010110010100010001000000001
0001010101110010110010010010001000000001
0001010101111010110010000010001000000001
0001010110000010110001110010001000000001
0001010110001010110001100010001000000001
0001010110010010110001010010001000000001
0001010110011010110001000010001000000001
0001010110100010110000110010001000000001
0001010110101010110000100010001000000001
0001010110110010110000010010001000000001
0001010110111010110000000010001000000001
0001010111000010101111110010001000000001
0001010111001010101111100010001000000001
0001010111010010101111010010001000000001
0001010111011010101111000010001000000001
0001010111100010101110110010001000000001
0001010111101010101110100010001000000001
0001010111110010101110010010001000000001
0001010111111010101110000010001000000001
0001011000000010101101110010001000000001
0001011000001010101101100010001000000001
0001011000010010101101010010001000000001
0001011000011010101101000010001000000001
0001011000100010101100110010001000000001
0001011000101010101100100010001000000001
0001011000110010101100010010001000000001
0001011000111010101100000010001000000001
0001011001000010101011110010001000000001
0001011001001010101011100010001000000001
0001011001010010101011010010001000000001
0001011001011010101011000010001000000001
0001011001100010101010110010001000000001
0001011001101010101010100010001000000001
0001011001110010101010010010001000000001
0001011001111010101010000010001000000001
0001011010000010101001110010001000000001
0001011010001010101001100010001000000001
0001011010010010101001010010001000000001
0001011010011010101001000010001000000001
0001011010100010101000110010001000000001
0001011010101010101000100010001000000001
0001011010110010101000010010001000000001
0001011010111010101000000010001000000001
0001011011000010100111110010001000000001
0001011011001010100111100010001000000001
0001011011010010100111010010001000000001
0001011011011010100111000010001000000001
0001011011100010100110110010001000000001
0001011011101010100110100010001000000001
0001011011110010100110010010001000000001
0001011011111010100110000010001000000001
0001011100000010100101110010001000000001
0001011100001010100101100010001000000001
0001011100010010100101010010001000000001
0001011100011010100101000010001000000001
0001011100100010100100110010001000000001
0001011100101010100100100010001000000001
0001011100110010100100010010001000000001
0001011100111010100100000010001000000001
0001011101000010100011110010001000000001
0001011101001010100011100010001000000001
0001011101010010100011010010001000000001
0001011101011010100011000010001000000001
0001011101100010100010110010001000000001
0001011101101010100010100010001000000001
0001011101110010100010010010001000000001
0001011101111000000000001110001000000001
0000111101011001000010000010000000000001
0001111101111000000000001110001000000001
0001011110000100100010000010000000000001
0001011110001100100001110010001000000001
0001011110010100100001100010001000000001
0001011110011100100001010010001000000001
0001011110100100100001000010001000000001
0001011110101100100000110010001000000001
0001011110110100100000100010001000000001
0001011110111100100000010010001000000001
0001011111000100100000000010001000000001
0001011111001100011111110010001000000001
0001011111010100011111100010001000000001
0001011111011100011111010010001000000001
0001011111100100011111000010001000000001
0001011111101100011110110010001000000001
0001011111110100011110100010001000000001
0001011111111100011110010010001000000001
0001100000000100011110000010001000000001
0001100000001100011101110010001000000001
0001100000010100011101100010001000000001
0001100000011100011101010010001000000001
0001100000100100011101000010001000000001
0001100000101100011100110010001000000001
0001100000110100011100100010001000000001
0001100000111100011100010010001000000001
0001100001000100011100000010001000000001
0001100001001100011011110010001000000001
0001100001010100011011100010001000000001
0001100001011100011011010010001000000001
0001100001100100011011000010001000000001
0001100001101100011010110010001000000001
0001100001110100011010100010001000000001
0001100001111100011010010010001000000001
0001100010000100011010000010001000000001
0001100010001100011001110010001000000001
0001100010010100011001100010001000000001
0001100010011100011001010010001000000001
0001100010100100011001000010001000000001
0001100010101100011000110010001000000001
0001100010110100011000100010001000000001
0001100010111100011000010010001000000001
0001100011000100011000000010001000000001
0001100011001100010111110010001000000001
0001100011010100010111100010001000000001
0001100011011100010111010010001000000001
0001100011100100010111000010001000000001
0001100011101100010110110010001000000001
0001100011110100010110100010001000000001
0001100011111100010110010010001000000001
0001100100000100010110000010001000000001
0001100100001100010101110010001000000001
0001100100010100010101100010001000000001
0001100100011100010101010010001000000001
0001100100100100010101000010001000000001
0001100100101100010100110010001000000001
0001100100110100010100100010001000000001
0001100100111100010100010010001000000001
0001100101000100010100000010001000000001
0001100101001100010011110010001000000001
0001100101010100010011100010001000000001
0001100101011100010011010010001000000001
0001100101100100010011000010001000000001
0001100101101100010010110010001000000001
0001100101110100010010100010001000000001
0001100101111100010010010010001000000001
0001100110000100010010000010001000000001
0001100110001100010001110010001000000001
0001100110010100010001100010001000000001
0001100110011100010001010010001000000001
0001100110100100010001000010001000000001
0001100110101100010000110010001000000001
0001100110110100010000100010001000000001
0001100110111100010000010010001000000001
0001100111000100010000000010001000000001
0001100111001100001111110010001000000001
0001100111010100001111100010001000000001
0001100111011100001111010010001000000001
0001100111100100001111000010001000000001
0001100111101100001110110010001000000001
0001100111110100001110100010001000000001
0001100111111100001110010010001000000001
0001101000000100001110000010001000000001
0001101000001100001101110010001000000001
0001101000010100001101100010001000000001
0001101000011100001101010010001000000001
0001101000100100001101000010001000000001
0001101000101100001100110010001000000001
0001101000110100001100100010001000000001
0001101000111100001100010010001000000001
0001101001000100001100000010001000000001
0001101001001100001011110010001000000001
0001101001010100001011100010001000000001
0001101001011100001011010010001000000001
0001101001100100001011000010001000000001
0001101001101100001010110010001000000001
0001101001110100001010100010001000000001
0001101001111100001010010010001000000001
0001101010000100001010000010001000000001
0001101010001100001001110010001000000001
0001101010010100001001100010001000000001
0001101010011100001001010010001000000001
0001101010100100001001000010001000000001
0001101010101100001000110010001000000001
0001101010110100001000100010001000000001
0001101010111100001000010010001000000001
0001101011000100001000000010001000000001
0001101011001100000111110010001000000001
0001101011010100000111100010001000000001
0001101011011100000111010010001000000001
0001101011100100000111000010001000000001
0001101011101100000110110010001000000001
0001101011110100000110100010001000000001
0001101011111100000110010010001000000001
0001101100000100000110000010001000000001
0001101100001100000101110010001000000001
0001101100010100000101100010001000000001
0001101100011100000101010010001000000001
0001101100100100000101000010001000000001
0001101100101100000100110010001000000001
0001101100110100000100100010001000000001
0001101100111100000100010010001000000001
0001101101000100000100000010001000000001
0001101101001100000011110010001000000001
0001101101010100000011100010001000000001
0001101101011100000011010010001000000001
0001101101100100000011000010001000000001
0001101101101100000010110010001000000001
0001101101110100000010100010001000000001
0001101101111100000010010010001000000001
0001101110000100000010000010001000000001
0001101110001100000001110010001000000001
0001101110010100000001100010001000000001
0001101110011100000001010010001000000001
0001101110100100000001000010001000000001
0001101110101100000000110010001000000001
0001101110110100000000100010001000000001
0001101110111100000000010010001000000001
0001101111000100000000000010001000000001
0001101111001011111111110010001000000001
0001101111010011111111100010001000000001
0001101111011011111111010010001000000001
0001101111100011111111000010001000000001
0001101111101011111110110010001000000001
0001101111110011111110100010001000000001
0001101111111011111110010010001000000001
0001110000000011111110000010001000000001
0001110000001011111101110010001000000001
0001110000010011111101100010001000000001
0001110000011011111101010010001000000001
0001110000100011111101000010001000000001
0001110000101011111100110010001000000001
0001110000110011111100100010001000000001
0001110000111011111100010010001000000001
0001110001000011111100000010001000000001
0001110001001011111011110010001000000001
0001110001010011111011100010001000000001
0001110001011011111011010010001000000001
0001110001100011111011000010001000000001
0001110001101011111010110010001000000001
0001110001110011111010100010001000000001
0001110001111011111010010010001000000001
0001110010000011111010000010001000000001
0001110010001011111001110010001000000001
0001110010010011111001100010001000000001
0001110010011011111001010010001000000001
0001110010100011111001000010001000000001
0001110010101011111000110010001000000001
0001110010110011111000100010001000000001
0001110010111011111000010010001000000001
0001110011000011111000000010001000000001
0001110011001011110111110010001000000001
0001110011010011110111100010001000000001
0001110011011011110111010010001000000001
0001110011100011110111000010001000000001
0001110011101011110110110010001000000001
0001110011110011110110100010001000000001
0001110011111011110110010010001000000001
0001110100000011110110000010001000000001
0001110100001011110101110010001000000001
0001110100010011110101100010001000000001
0001110100011011110101010010001000000001
0001110100100011110101000010001000000001
0001110100101011110100110010001000000001
0001110100110011110100100010001000000001
0001110100111011110100010010001000000001
0001110101000011110100000010001000000001
0001110101001011110011110010001000000001
0001110101010011110011100010001000000001
0001110101011011110011010010001000000001
0001110101100011110011000010001000000001
0001110101101011110010110010001000000001
0001110101110011110010100010001000000001
0001110101111011110010010010001000000001
0001110110000011110010000010001000000001
0001110110001011110001110010001000000001
0001110110010011110001100010001000000001
0001110110011011110001010010001000000001
0001110110100011110001000010001000000001
0001110110101011110000110010001000000001
0001110110110011110000100010001000000001
0001110110111011110000010010001000000001
0001110111000011110000000010001000000001
0001110111001011101111110010001000000001
0001110111010011101111100010001000000001
0001110111011011101111010010001000000001
0001110111100011101111000010001000000001
0001110111101011101110110010001000000001
0001110111110011101110100010001000000001
0001110111111011101110010010001000000001
0001111000000011101110000010001000000001
0001111000001011101101110010001000000001
0001111000010011101101100010001000000001
0001111000011011101101010010001000000001
0001111000100011101101000010001000000001
0001111000101011101100110010001000000001
0001111000110011101100100010001000000001
0001111000111011101100010010001000000001
0001111001000011101100000010001000000001
0001111001001011101011110010001000000001
0001111001010011101011100010001000000001
0001111001011011101011010010001000000001
0001111001100011101011000010001000000001
0001111001101011101010110010001000000001
0001111001110011101010100010001000000001
0001111001111011101010010010001000000001
0001111010000011101010000010001000000001
0001111010001011101001110010001000000001
0001111010010011101001100010001000000001
0001111010011011101001010010001000000001
0001111010100011101001000010001000000001
0001111010101011101000110010001000000001
0001111010110011101000100010001000000001
0001111010111011101000010010001000000001
0001111011000011101000000010001000000001
0001111011001011100111110010001000000001
0001111011010011100111100010001000000001
0001111011011011100111010010001000000001
0001111011100011100111000010001000000001
0001111011101011100110110010001000000001
0001111011110011100110100010001000000001
0001111011111011100110010010001000000001
0001111100000011100110000010001000000001
0001111100001011100101110010001000000001
0001111100010011100101100010001000000001
0001111100011011100101010010001000000001
0001111100100011100101000010001000000001
0001111100101011100100110010001000000001
0001111100110011100100100010001000000001
0001111100111011100100010010001000000001
0001111101000011100100000010001000000001
0001111101001011100011110010001000000001
0001111101010011100011100010001000000001
0001111101011011100011010010001000000001
0001111101100011100011000010001000000001
0001111101101011100010110010001000000001
0001111101110011100010100010001000000001
0001111101111011100010010010001000000001
0001111110000000000000001110001000000001
0001111110000001000010000010000000000001
1111111101110000000000000000001000000001
0001011101111001000010000010000000000001
1111111101101000000000000000001000000001
0000000000000000000000000000000000000001
0000000000000000000000000000000000000001
0000000000000000000000000000000000000001
0000000000000000000000000000000000000001
0000000000000000000000000000000000000001
0000000000000000000000000000000000000001
0000000000000000000000000000000000000001
0000000000000000000000000000000000000001
0000000000000000000000000000000000000001
0000000000000000000000000000000000000001
0000000000000000000000000000000000000001
0000000000000000000000000000000000000001
0000000000000000000000000000000000000001
0000000000000000000000000000000000000001
0000000000000000000000000000000000000001
0000000000000000000000000000000000000001
0000000000000000000000000000000000000001
0000000000000000000000000000000000000001
0000000000000000000000000000000000000001
0000000000000000000000000000000000000001
0000000000000000000000000000000000000001
0000000000000000000000000000000000000001
0000000000000000000000000000000000000001
0000000000000000000000000000000000000001
0000000000000000000000000000000000000001
0000000000000000000000000000000000000001
0000000000000000000000000000000000000001
0000000000000000000000000000000000000001
0000000000000000000000000000000000000001
0000000000000000000000000000000000000001
0000000000000000000000000000000000000001
0000000000000000000000000000000000000001
0000000000000000000000000000000000000001
0000000000000000000000000000000000000001
0000000000000000000000000000000000000001
0000000000000000000000000000000000000001
0000000000000000000000000000000000000001
0000000000000000000000000000000000000001
0000000000000000000000000000000000000001
0000000000000000000000000000000000000001
0000000000000000000000000000000000000001
0000000000000000000000000000000000000001
0000000000000000000000000000000000000001
0000000000000000000000000000000000000001
0000000000000000000000000000000000000001
0000000000000000000000000000000000000001
0000000000000000000000000000000000000001
0000000000000000000000000000000000000001
0000000000000000000000000000000000000001
0000000000000000000000000000000000000001
0000000000000000000000000000000000000001
